128
4
8,15
60,104
(6,15 - 0.5)
(7,15 - 1.0)
(7,16 - 0.5)
(7,17 - 0.5)
(8,15 - 1.0)
(8,16 - 1.0)
(8,17 - 1.0)
(8,18 - 0.5)
(8,19 - 0.5)
(9,16 - 1.0)
(9,17 - 1.0)
(9,18 - 1.0)
(9,19 - 1.0)
(9,20 - 0.5)
(10,18 - 1.0)
(10,19 - 1.0)
(10,20 - 1.0)
(10,21 - 0.5)
(10,22 - 0.5)
(11,20 - 1.0)
(11,21 - 1.0)
(11,22 - 1.0)
(11,23 - 0.5)
(11,24 - 0.5)
(12,21 - 1.0)
(12,22 - 1.0)
(12,23 - 1.0)
(12,24 - 1.0)
(12,25 - 0.5)
(12,26 - 0.5)
(13,23 - 1.0)
(13,24 - 1.0)
(13,25 - 1.0)
(13,26 - 1.0)
(13,27 - 0.5)
(14,25 - 1.0)
(14,26 - 1.0)
(14,27 - 1.0)
(14,28 - 0.5)
(14,29 - 0.5)
(15,27 - 1.0)
(15,28 - 1.0)
(15,29 - 1.0)
(15,30 - 0.5)
(15,31 - 0.5)
(16,28 - 1.0)
(16,29 - 1.0)
(16,30 - 1.0)
(16,31 - 1.0)
(16,32 - 0.5)
(17,30 - 1.0)
(17,31 - 1.0)
(17,32 - 1.0)
(17,33 - 0.5)
(17,34 - 0.5)
(18,32 - 1.0)
(18,33 - 1.0)
(18,34 - 1.0)
(18,35 - 0.5)
(18,36 - 0.5)
(19,33 - 1.0)
(19,34 - 1.0)
(19,35 - 1.0)
(19,36 - 1.0)
(19,37 - 0.5)
(19,38 - 0.5)
(20,35 - 1.0)
(20,36 - 1.0)
(20,37 - 1.0)
(20,38 - 1.0)
(20,39 - 0.5)
(21,37 - 1.0)
(21,38 - 1.0)
(21,39 - 1.0)
(21,40 - 0.5)
(21,41 - 0.5)
(22,39 - 1.0)
(22,40 - 1.0)
(22,41 - 1.0)
(22,42 - 0.5)
(22,43 - 0.5)
(23,40 - 1.0)
(23,41 - 1.0)
(23,42 - 1.0)
(23,43 - 1.0)
(23,44 - 0.5)
(24,42 - 1.0)
(24,43 - 1.0)
(24,44 - 1.0)
(24,45 - 0.5)
(24,46 - 0.5)
(25,44 - 1.0)
(25,45 - 1.0)
(25,46 - 1.0)
(25,47 - 0.5)
(25,48 - 0.5)
(26,45 - 1.0)
(26,46 - 1.0)
(26,47 - 1.0)
(26,48 - 1.0)
(26,49 - 0.5)
(26,50 - 0.5)
(27,47 - 1.0)
(27,48 - 1.0)
(27,49 - 1.0)
(27,50 - 1.0)
(27,51 - 0.5)
(28,49 - 1.0)
(28,50 - 1.0)
(28,51 - 1.0)
(28,52 - 0.5)
(28,53 - 0.5)
(29,51 - 1.0)
(29,52 - 1.0)
(29,53 - 1.0)
(29,54 - 0.5)
(29,55 - 0.5)
(30,52 - 1.0)
(30,53 - 1.0)
(30,54 - 1.0)
(30,55 - 1.0)
(30,56 - 0.5)
(31,54 - 1.0)
(31,55 - 1.0)
(31,56 - 1.0)
(31,57 - 0.5)
(31,58 - 0.5)
(32,56 - 1.0)
(32,57 - 1.0)
(32,58 - 1.0)
(32,59 - 0.5)
(32,60 - 0.5)
(33,57 - 1.0)
(33,58 - 1.0)
(33,59 - 1.0)
(33,60 - 1.0)
(33,61 - 0.5)
(33,62 - 0.5)
(34,59 - 1.0)
(34,60 - 1.0)
(34,61 - 1.0)
(34,62 - 1.0)
(34,63 - 0.5)
(35,61 - 1.0)
(35,62 - 1.0)
(35,63 - 1.0)
(35,64 - 0.5)
(35,65 - 0.5)
(36,63 - 1.0)
(36,64 - 1.0)
(36,65 - 1.0)
(36,66 - 0.5)
(36,67 - 0.5)
(37,64 - 1.0)
(37,65 - 1.0)
(37,66 - 1.0)
(37,67 - 1.0)
(37,68 - 0.5)
(38,66 - 1.0)
(38,67 - 1.0)
(38,68 - 1.0)
(38,69 - 0.5)
(38,70 - 0.5)
(39,68 - 1.0)
(39,69 - 1.0)
(39,70 - 1.0)
(39,71 - 0.5)
(39,72 - 0.5)
(40,69 - 1.0)
(40,70 - 1.0)
(40,71 - 1.0)
(40,72 - 1.0)
(40,73 - 0.5)
(40,74 - 0.5)
(41,71 - 1.0)
(41,72 - 1.0)
(41,73 - 1.0)
(41,74 - 1.0)
(41,75 - 0.5)
(42,73 - 1.0)
(42,74 - 1.0)
(42,75 - 1.0)
(42,76 - 0.5)
(42,77 - 0.5)
(43,75 - 1.0)
(43,76 - 1.0)
(43,77 - 1.0)
(43,78 - 0.5)
(43,79 - 0.5)
(44,76 - 1.0)
(44,77 - 1.0)
(44,78 - 1.0)
(44,79 - 1.0)
(44,80 - 0.5)
(45,78 - 1.0)
(45,79 - 1.0)
(45,80 - 1.0)
(45,81 - 0.5)
(45,82 - 0.5)
(46,80 - 1.0)
(46,81 - 1.0)
(46,82 - 1.0)
(46,83 - 0.5)
(46,84 - 0.5)
(47,81 - 1.0)
(47,82 - 1.0)
(47,83 - 1.0)
(47,84 - 1.0)
(47,85 - 0.5)
(47,86 - 0.5)
(48,83 - 1.0)
(48,84 - 1.0)
(48,85 - 1.0)
(48,86 - 1.0)
(48,87 - 0.5)
(49,85 - 1.0)
(49,86 - 1.0)
(49,87 - 1.0)
(49,88 - 0.5)
(49,89 - 0.5)
(50,87 - 1.0)
(50,88 - 1.0)
(50,89 - 1.0)
(50,90 - 0.5)
(50,91 - 0.5)
(51,88 - 1.0)
(51,89 - 1.0)
(51,90 - 1.0)
(51,91 - 1.0)
(51,92 - 0.5)
(52,90 - 1.0)
(52,91 - 1.0)
(52,92 - 1.0)
(52,93 - 0.5)
(52,94 - 0.5)
(53,92 - 1.0)
(53,93 - 1.0)
(53,94 - 1.0)
(53,95 - 0.5)
(53,96 - 0.5)
(54,93 - 1.0)
(54,94 - 1.0)
(54,95 - 1.0)
(54,96 - 1.0)
(54,97 - 0.5)
(54,98 - 0.5)
(55,95 - 1.0)
(55,96 - 1.0)
(55,97 - 1.0)
(55,98 - 1.0)
(55,99 - 0.5)
(56,97 - 1.0)
(56,98 - 1.0)
(56,99 - 1.0)
(56,100 - 0.5)
(56,101 - 0.5)
(57,99 - 1.0)
(57,100 - 1.0)
(57,101 - 1.0)
(57,102 - 0.5)
(57,103 - 0.5)
(58,100 - 1.0)
(58,101 - 1.0)
(58,102 - 1.0)
(58,103 - 1.0)
(58,104 - 0.5)
(59,102 - 1.0)
(59,103 - 1.0)
(59,104 - 1.0)
(60,104 - 1.0)
